126627.73215458704 125028.41403660331 0.0 2
127872.97353657750 124305.24469227345 0.0 2
129118.21491856796 123582.07534794358 0.0 2
130363.45630055842 122858.90600361372 0.0 2
127350.90149891691 126273.65541859377 0.0 2
128596.14288090737 125550.48607426391 0.0 2
129841.38426289783 124827.31672993404 0.0 2
131086.62564488829 124104.14738560418 0.0 2
128074.07084324677 127518.89680058423 0.0 2
129319.31222523723 126795.72745625438 0.0 2
130564.55360722769 126072.55811192450 0.0 2
131809.79498921815 125349.38876759465 0.0 2
128797.24018757664 128764.13818257469 0.0 2
130042.48156956710 128040.96883824484 0.0 2
131287.72295155755 127317.79949391496 0.0 2
132532.96433354801 126594.63014958511 0.0 2
129520.40953190649 130009.37956456516 0.0 2
130765.65091389696 129286.21022023530 0.0 2
132010.89229588740 128563.04087590543 0.0 2
133256.13367787786 127839.87153157557 0.0 2
130243.57887623637 131254.62094655563 0.0 2
131488.82025822683 130531.45160222576 0.0 2
132734.06164021729 129808.28225789589 0.0 2
133979.30302220775 129085.11291356603 0.0 2
130966.74822056622 132499.86232854609 0.0 2
132211.98960255668 131776.69298421621 0.0 2
133457.23098454715 131053.52363988635 0.0 2
134702.47236653761 130330.35429555649 0.0 2
131689.91756489608 133745.10371053655 0.0 2
132935.15894688654 133021.93436620667 0.0 2
134180.40032887700 132298.76502187681 0.0 2
135425.64171086747 131575.59567754695 0.0 2
132413.08690922597 134990.34509252702 0.0 2
133658.32829121643 134267.17574819713 0.0 2
134903.56967320689 133544.00640386727 0.0 2
136148.81105519735 132820.83705953741 0.0 2
133136.25625355582 136235.58647451748 0.0 2
134381.49763554629 135512.41713018759 0.0 2
135626.73901753675 134789.24778585773 0.0 2
136871.98039952721 134066.07844152788 0.0 2
133859.42559788568 137480.82785650794 0.0 2
135104.66697987614 136757.65851217805 0.0 2
136349.90836186660 136034.48916784819 0.0 2
137595.14974385707 135311.31982351834 0.0 2
134582.59494221557 138726.06923849840 0.0 2
135827.83632420603 138002.89989416851 0.0 2
137073.07770619649 137279.73054983866 0.0 2
138318.31908818695 136556.56120550880 0.0 2
135305.76428654543 139971.31062048886 0.0 2
136551.00566853589 139248.14127615897 0.0 2
137796.24705052635 138524.97193182912 0.0 2
139041.48843251681 137801.80258749926 0.0 2
136028.93363087528 141216.55200247932 0.0 2
137274.17501286574 140493.38265814944 0.0 2
138519.41639485621 139770.21331381958 0.0 2
139764.65777684667 139047.04396948972 0.0 2
136752.10297520514 142461.79338446978 0.0 2
137997.34435719560 141738.62404013990 0.0 2
139242.58573918606 141015.45469581004 0.0 2
140487.82712117652 140292.28535148018 0.0 2
137475.27231953503 143707.03476646025 0.0 2
138720.51370152549 142983.86542213036 0.0 2
139965.75508351595 142260.69607780050 0.0 2
141210.99646550641 141537.52673347064 0.0 2
