124661.02856300525 134757.34716911282 0.0 2
123644.58551171958 135777.36850393531 0.0 2
122628.14246043391 136797.38983875784 0.0 2
123641.00722818276 133740.90411782716 0.0 2
122624.56417689708 134760.92545264965 0.0 2
121608.12112561142 135780.94678747217 0.0 2
122620.98589336025 132724.46106654149 0.0 2
121604.54284207457 133744.48240136399 0.0 2
120588.09979078891 134764.50373618651 0.0 2
121600.96455853776 131708.01801525583 0.0 2
120584.52150725208 132728.03935007832 0.0 2
119568.07845596642 133748.06068490082 0.0 2
120580.94322371525 130691.57496397014 0.0 2
119564.50017242957 131711.59629879263 0.0 2
118548.05712114391 132731.61763361515 0.0 2
119560.92188889276 129675.13191268448 0.0 2
118544.47883760708 130695.15324750698 0.0 2
117528.03578632142 131715.17458232949 0.0 2
118540.90055407025 128658.68886139880 0.0 2
117524.45750278457 129678.71019622131 0.0 2
116508.01445149891 130698.73153104380 0.0 2
117520.87921924776 127642.24581011313 0.0 2
116504.43616796208 128662.26714493564 0.0 2
115487.99311667641 129682.28847975814 0.0 2
116500.85788442525 126625.80275882746 0.0 2
115484.41483313957 127645.82409364996 0.0 2
114467.97178185391 128665.84542847246 0.0 2
115480.83654960275 125609.35970754179 0.0 2
114464.39349831708 126629.38104236430 0.0 2
113447.95044703141 127649.40237718679 0.0 2
114460.81521478025 124592.91665625611 0.0 2
113444.37216349457 125612.93799107862 0.0 2
112427.92911220891 126632.95932590112 0.0 2
113440.79387995775 123576.47360497045 0.0 2
112424.35082867208 124596.49493979296 0.0 2
111407.90777738641 125616.51627461545 0.0 2
112420.77254513525 122560.03055368477 0.0 2
111404.32949384957 123580.05188850728 0.0 2
110387.88644256390 124600.07322332977 0.0 2
111400.75121031275 121543.58750239911 0.0 2
110384.30815902707 122563.60883722162 0.0 2
109367.86510774141 123583.63017204411 0.0 2
110380.72987549024 120527.14445111343 0.0 2
109364.28682420457 121547.16578593594 0.0 2
108347.84377291890 122567.18712075843 0.0 2
