142633.57615939563 121885.52527906142 0.0 2
144066.98677387767 122023.12618854341 0.0 2
145500.39738835968 122160.72709802540 0.0 2
146933.80800284172 122298.32800750739 0.0 2
148367.21861732373 122435.92891698937 0.0 2
149800.62923180574 122573.52982647136 0.0 2
151234.03984628778 122711.13073595335 0.0 2
152667.45046076979 122848.73164543534 0.0 2
154100.86107525183 122986.33255491733 0.0 2
155534.27168973384 123123.93346439932 0.0 2
156967.68230421585 123261.53437388132 0.0 2
158401.09291869789 123399.13528336331 0.0 2
142495.97524991364 123318.93589354344 0.0 2
143929.38586439568 123456.53680302543 0.0 2
145362.79647887769 123594.13771250742 0.0 2
146796.20709335973 123731.73862198941 0.0 2
148229.61770784174 123869.33953147140 0.0 2
149663.02832232375 124006.94044095339 0.0 2
151096.43893680579 124144.54135043538 0.0 2
152529.84955128780 124282.14225991737 0.0 2
153963.26016576984 124419.74316939936 0.0 2
155396.67078025185 124557.34407888135 0.0 2
156830.08139473386 124694.94498836335 0.0 2
158263.49200921590 124832.54589784534 0.0 2
142358.37434043165 124752.34650802547 0.0 2
143791.78495491369 124889.94741750746 0.0 2
145225.19556939570 125027.54832698945 0.0 2
146658.60618387774 125165.14923647144 0.0 2
148092.01679835975 125302.75014595343 0.0 2
149525.42741284176 125440.35105543541 0.0 2
150958.83802732380 125577.95196491740 0.0 2
152392.24864180581 125715.55287439939 0.0 2
153825.65925628785 125853.15378388138 0.0 2
155259.06987076986 125990.75469336337 0.0 2
156692.48048525187 126128.35560284537 0.0 2
158125.89109973391 126265.95651232736 0.0 2
